1e-10,1.1365e-14
2e-10,2.3686e-14
3e-10,3.0477e-14
4e-10,2.4212e-14
5e-10,3.4944e-23
6e-10,-3.9883e-14
7e-10,-8.2697e-14
8e-10,-1.0587e-13
9e-10,-8.3678e-14
1e-09,-2.1974e-23
1.1e-09,1.3644e-13
1.2e-09,2.8147e-13
1.3e-09,3.5851e-13
1.4e-09,2.8193e-13
1.5e-09,9.5117e-22
1.6e-09,-4.5504e-13
1.7e-09,-9.3396e-13
1.8e-09,-1.1835e-12
1.9e-09,-9.2598e-13
2e-09,3.0211e-21
2.1e-09,1.4794e-12
2.2e-09,3.0211e-12
2.3e-09,3.8089e-12
2.4e-09,2.9649e-12
2.5e-09,-9.2149e-21
2.6e-09,-4.6889e-12
2.7e-09,-9.5264e-12
2.8e-09,-1.195e-11
2.9e-09,-9.2545e-12
3e-09,5.544e-21
3.1e-09,1.4488e-11
3.2e-09,2.9285e-11
3.3e-09,3.6547e-11
3.4e-09,2.8161e-11
3.5e-09,-5.2339e-20
3.6e-09,-4.3637e-11
3.7e-09,-8.7759e-11
3.8e-09,-1.0897e-10
3.9e-09,-8.3535e-11
4e-09,-1.1847e-19
4.1e-09,1.2813e-10
4.2e-09,2.5638e-10
4.3e-09,3.1672e-10
4.4e-09,2.4157e-10
4.5e-09,7.26e-19
4.6e-09,-3.6678e-10
4.7e-09,-7.3016e-10
4.8e-09,-8.9743e-10
4.9e-09,-6.81e-10
5e-09,1.1146e-18
5.1e-09,1.0235e-09
5.2e-09,2.0272e-09
5.3e-09,2.4789e-09
5.4e-09,1.8715e-09
5.5e-09,7.9537e-21
5.6e-09,-2.7844e-09
5.7e-09,-5.4867e-09
5.8e-09,-6.6752e-09
5.9e-09,-5.0141e-09
6e-09,-1.8049e-17
6.1e-09,7.384e-09
6.2e-09,1.4477e-08
6.3e-09,1.7523e-08
6.4e-09,1.3096e-08
6.5e-09,5.5014e-17
6.6e-09,-1.909e-08
6.7e-09,-3.7236e-08
6.8e-09,-4.4843e-08
6.9e-09,-3.3342e-08
7e-09,1.1554e-17
7.1e-09,4.8112e-08
7.2e-09,9.3369e-08
7.3e-09,1.1187e-07
7.4e-09,8.2758e-08
7.5e-09,4.4107e-17
7.6e-09,-1.1821e-07
7.7e-09,-2.2823e-07
7.8e-09,-2.7207e-07
7.9e-09,-2.0025e-07
8e-09,2.7082e-16
8.1e-09,2.8312e-07
8.2e-09,5.4387e-07
8.3e-09,6.4505e-07
8.4e-09,4.7235e-07
8.5e-09,-2.0717e-15
8.6e-09,-6.6106e-07
8.7e-09,-1.2635e-06
8.8e-09,-1.4909e-06
8.9e-09,-1.0862e-06
9e-09,7.3591e-16
9.1e-09,1.5047e-06
9.2e-09,2.8613e-06
9.3e-09,3.3592e-06
9.4e-09,2.4349e-06
9.5e-09,-5.2379e-15
9.6e-09,-3.339e-06
9.7e-09,-6.3169e-06
9.8e-09,-7.3784e-06
9.9e-09,-5.321e-06
1e-08,-4.6554e-15
1.01e-08,7.2228e-06
1.02e-08,1.3595e-05
1.03e-08,1.5799e-05
1.04e-08,1.1336e-05
1.05e-08,2.9829e-14
1.06e-08,-1.5231e-05
1.07e-08,-2.8524e-05
1.08e-08,-3.298e-05
1.09e-08,-2.3542e-05
1.1e-08,1.1039e-14
1.11e-08,3.1312e-05
1.12e-08,5.8341e-05
1.13e-08,6.7112e-05
1.14e-08,4.7664e-05
1.15e-08,-3.7449e-14
1.16e-08,-6.2753e-05
1.17e-08,-0.00011633
1.18e-08,-0.00013313
1.19e-08,-9.4075e-05
1.2e-08,1.1096e-13
1.21e-08,0.0001226
1.22e-08,0.00022611
1.23e-08,0.00025747
1.24e-08,0.00018101
1.25e-08,-5.865e-13
1.26e-08,-0.0002335
1.27e-08,-0.00042846
1.28e-08,-0.0004854
1.29e-08,-0.00033951
1.3e-08,4.3563e-13
1.31e-08,0.00043354
1.32e-08,0.00079147
1.33e-08,0.0008921
1.34e-08,0.00062081
1.35e-08,-2.1076e-14
1.36e-08,-0.00078471
1.37e-08,-0.0014253
1.38e-08,-0.0015983
1.39e-08,-0.0011066
1.4e-08,1.0763e-12
1.41e-08,0.0013846
1.42e-08,0.0025021
1.43e-08,0.0027917
1.44e-08,0.0019231
1.45e-08,1.3175e-12
1.46e-08,-0.0023817
1.47e-08,-0.0042821
1.48e-08,-0.0047534
1.49e-08,-0.0032577
1.5e-08,-5.338e-12
1.51e-08,0.0039938
1.52e-08,0.0071442
1.53e-08,0.0078901
1.54e-08,0.00538
1.55e-08,2.0525e-12
1.56e-08,-0.0065288
1.57e-08,-0.011619
1.58e-08,-0.012767
1.59e-08,-0.0086615
1.6e-08,-2.4751e-12
1.61e-08,0.010404
1.62e-08,0.018423
1.63e-08,0.02014
1.64e-08,0.013594
1.65e-08,2.1051e-11
1.66e-08,-0.016164
1.67e-08,-0.028475
1.68e-08,-0.030972
1.69e-08,-0.020798
1.7e-08,-1.3098e-11
1.71e-08,0.02448
1.72e-08,0.042906
1.73e-08,0.046431
1.74e-08,0.031021
1.75e-08,6.7364e-11
1.76e-08,-0.036142
1.77e-08,-0.063025
1.78e-08,-0.067856
1.79e-08,-0.045105
1.8e-08,-1.661e-11
1.81e-08,0.052019
1.82e-08,0.090251
1.83e-08,0.096674
1.84e-08,0.063935
1.85e-08,-2.0569e-11
1.86e-08,-0.072987
1.87e-08,-0.12599
1.88e-08,-0.13427
1.89e-08,-0.088347
1.9e-08,-1.4519e-11
1.91e-08,0.099833
1.92e-08,0.17145
1.93e-08,0.18179
1.94e-08,0.11901
1.95e-08,-6.2918e-12
1.96e-08,-0.13312
1.97e-08,-0.22746
1.98e-08,-0.23995
1.99e-08,-0.15629
2e-08,1.4073e-10
2.01e-08,0.17304
2.02e-08,0.29417
2.03e-08,0.30875
2.04e-08,0.20007
2.05e-08,-1.6965e-10
2.06e-08,-0.21928
2.07e-08,-0.37088
2.08e-08,-0.38729
2.09e-08,-0.24969
2.1e-08,3.2625e-10
2.11e-08,0.27089
2.12e-08,0.45584
2.13e-08,0.47359
2.14e-08,0.30378
2.15e-08,4.136e-10
2.16e-08,-0.32623
2.17e-08,-0.54618
2.18e-08,-0.56456
2.19e-08,-0.3603
2.2e-08,-5.064e-10
2.21e-08,0.383
2.22e-08,0.63797
2.23e-08,0.65609
2.24e-08,0.41658
2.25e-08,-9.2316e-11
2.26e-08,-0.43835
2.27e-08,-0.72644
2.28e-08,-0.74328
2.29e-08,-0.46954
2.3e-08,-5.4286e-11
2.31e-08,0.48907
2.32e-08,0.80639
2.33e-08,0.82089
2.34e-08,0.51594
2.35e-08,-6.6458e-10
2.36e-08,-0.53194
2.37e-08,-0.87262
2.38e-08,-0.8838
2.39e-08,-0.55266
2.4e-08,1.0374e-09
2.41e-08,0.56403
2.42e-08,0.92056
2.43e-08,0.92762
2.44e-08,0.57711
2.45e-08,1.1418e-10
2.46e-08,-0.58302
2.47e-08,-0.94671
2.48e-08,-0.94912
2.49e-08,-0.58749
2.5e-08,-6.0979e-10
2.51e-08,0.58749
2.52e-08,0.94912
2.53e-08,0.94671
2.54e-08,0.58302
2.55e-08,-2.5043e-11
2.56e-08,-0.57711
2.57e-08,-0.92762
2.58e-08,-0.92056
2.59e-08,-0.56403
2.6e-08,1.5248e-09
2.61e-08,0.55266
2.62e-08,0.8838
2.63e-08,0.87262
2.64e-08,0.53194
2.65e-08,4.5531e-10
2.66e-08,-0.51594
2.67e-08,-0.82089
2.68e-08,-0.80639
2.69e-08,-0.48907
2.7e-08,-1.2898e-09
2.71e-08,0.46954
2.72e-08,0.74328
2.73e-08,0.72644
2.74e-08,0.43835
2.75e-08,-1.0156e-10
2.76e-08,-0.41658
2.77e-08,-0.65609
2.78e-08,-0.63797
2.79e-08,-0.383
2.8e-08,-5.9049e-10
2.81e-08,0.3603
2.82e-08,0.56456
2.83e-08,0.54618
2.84e-08,0.32623
2.85e-08,9.0148e-10
2.86e-08,-0.30378
2.87e-08,-0.47359
2.88e-08,-0.45584
2.89e-08,-0.27089
2.9e-08,4.9947e-10
2.91e-08,0.24969
2.92e-08,0.38729
2.93e-08,0.37088
2.94e-08,0.21928
2.95e-08,1.8562e-10
2.96e-08,-0.20007
2.97e-08,-0.30875
2.98e-08,-0.29417
2.99e-08,-0.17304
3e-08,2.8004e-10
3.01e-08,0.15629
3.02e-08,0.23995
3.03e-08,0.22746
3.04e-08,0.13312
3.05e-08,-1.4692e-10
3.06e-08,-0.11901
3.07e-08,-0.18179
3.08e-08,-0.17145
3.09e-08,-0.099833
3.1e-08,2.1194e-10
3.11e-08,0.088347
3.12e-08,0.13427
3.13e-08,0.12599
3.14e-08,0.072987
3.15e-08,-5.5636e-11
3.16e-08,-0.063935
3.17e-08,-0.096674
3.18e-08,-0.090251
3.19e-08,-0.052019
3.2e-08,-1.695e-10
3.21e-08,0.045105
3.22e-08,0.067856
3.23e-08,0.063025
3.24e-08,0.036142
3.25e-08,9.3007e-11
3.26e-08,-0.031021
3.27e-08,-0.046431
3.28e-08,-0.042906
3.29e-08,-0.02448
3.3e-08,-4.6393e-11
3.31e-08,0.020798
3.32e-08,0.030972
3.33e-08,0.028475
3.34e-08,0.016164
3.35e-08,-6.5782e-12
3.36e-08,-0.013594
3.37e-08,-0.02014
3.38e-08,-0.018423
3.39e-08,-0.010404
3.4e-08,-3.7151e-12
3.41e-08,0.0086615
3.42e-08,0.012767
3.43e-08,0.011619
3.44e-08,0.0065288
3.45e-08,5.9033e-13
3.46e-08,-0.00538
3.47e-08,-0.0078901
3.48e-08,-0.0071442
3.49e-08,-0.0039938
3.5e-08,4.1866e-12
3.51e-08,0.0032577
3.52e-08,0.0047534
3.53e-08,0.0042821
3.54e-08,0.0023817
3.55e-08,-2.6228e-12
3.56e-08,-0.0019231
3.57e-08,-0.0027917
3.58e-08,-0.0025021
3.59e-08,-0.0013846
3.6e-08,-2.6906e-12
3.61e-08,0.0011066
3.62e-08,0.0015983
3.63e-08,0.0014253
3.64e-08,0.00078471
3.65e-08,-1.1387e-12
3.66e-08,-0.00062081
3.67e-08,-0.0008921
3.68e-08,-0.00079147
3.69e-08,-0.00043354
3.7e-08,-3.6421e-13
3.71e-08,0.00033951
3.72e-08,0.0004854
3.73e-08,0.00042846
3.74e-08,0.0002335
3.75e-08,-7.3707e-13
3.76e-08,-0.00018101
3.77e-08,-0.00025747
3.78e-08,-0.00022611
3.79e-08,-0.0001226
3.8e-08,1.6948e-13
3.81e-08,9.4075e-05
3.82e-08,0.00013313
3.83e-08,0.00011633
3.84e-08,6.2753e-05
3.85e-08,1.8774e-15
3.86e-08,-4.7664e-05
3.87e-08,-6.7112e-05
3.88e-08,-5.8341e-05
3.89e-08,-3.1312e-05
3.9e-08,-1.3828e-15
3.91e-08,2.3542e-05
3.92e-08,3.298e-05
3.93e-08,2.8524e-05
3.94e-08,1.5231e-05
3.95e-08,-5.461e-15
3.96e-08,-1.1336e-05
3.97e-08,-1.5799e-05
3.98e-08,-1.3595e-05
3.99e-08,-7.2228e-06
4e-08,-1.0502e-14
4.01e-08,5.321e-06
4.02e-08,7.3784e-06
4.03e-08,6.3169e-06
4.04e-08,3.339e-06
4.05e-08,5.5612e-15
4.06e-08,-2.4349e-06
4.07e-08,-3.3592e-06
4.08e-08,-2.8613e-06
4.09e-08,-1.5047e-06
4.1e-08,-1.1615e-15
4.11e-08,1.0862e-06
4.12e-08,1.4909e-06
4.13e-08,1.2635e-06
4.14e-08,6.6106e-07
4.15e-08,-2.6581e-16
4.16e-08,-4.7235e-07
4.17e-08,-6.4505e-07
4.18e-08,-5.4387e-07
4.19e-08,-2.8312e-07
4.2e-08,-6.2359e-16
4.21e-08,2.0025e-07
4.22e-08,2.7207e-07
4.23e-08,2.2823e-07
4.24e-08,1.1821e-07
4.25e-08,2.2005e-16
4.26e-08,-8.2758e-08
4.27e-08,-1.1187e-07
4.28e-08,-9.3369e-08
4.29e-08,-4.8112e-08
4.3e-08,-4.3174e-17
4.31e-08,3.3342e-08
4.32e-08,4.4843e-08
4.33e-08,3.7236e-08
4.34e-08,1.909e-08
4.35e-08,-3.1915e-17
4.36e-08,-1.3096e-08
4.37e-08,-1.7523e-08
4.38e-08,-1.4477e-08
4.39e-08,-7.384e-09
4.4e-08,1.5292e-17
4.41e-08,5.0141e-09
4.42e-08,6.6752e-09
4.43e-08,5.4867e-09
4.44e-08,2.7844e-09
4.45e-08,4.8869e-18
4.46e-08,-1.8715e-09
4.47e-08,-2.4789e-09
4.48e-08,-2.0272e-09
4.49e-08,-1.0235e-09
4.5e-08,-1.5138e-19
4.51e-08,6.81e-10
4.52e-08,8.9743e-10
4.53e-08,7.3016e-10
4.54e-08,3.6678e-10
4.55e-08,-4.7105e-19
4.56e-08,-2.4157e-10
4.57e-08,-3.1672e-10
4.58e-08,-2.5638e-10
4.59e-08,-1.2813e-10
4.6e-08,-2.4188e-19
4.61e-08,8.3535e-11
4.62e-08,1.0897e-10
4.63e-08,8.7759e-11
4.64e-08,4.3637e-11
4.65e-08,-1.5923e-20
4.66e-08,-2.8161e-11
4.67e-08,-3.6547e-11
4.68e-08,-2.9285e-11
4.69e-08,-1.4488e-11
4.7e-08,-6.0206e-21
4.71e-08,9.2545e-12
4.72e-08,1.195e-11
4.73e-08,9.5264e-12
4.74e-08,4.6889e-12
4.75e-08,-1.3805e-22
4.76e-08,-2.9649e-12
4.77e-08,-3.8089e-12
4.78e-08,-3.0211e-12
4.79e-08,-1.4794e-12
4.8e-08,1.5705e-21
4.81e-08,9.2598e-13
4.82e-08,1.1835e-12
4.83e-08,9.3396e-13
4.84e-08,4.5504e-13
4.85e-08,2.3261e-22
4.86e-08,-2.8193e-13
4.87e-08,-3.5851e-13
4.88e-08,-2.8147e-13
4.89e-08,-1.3644e-13
4.9e-08,-2.8403e-22
4.91e-08,8.3678e-14
4.92e-08,1.0587e-13
4.93e-08,8.2697e-14
4.94e-08,3.9883e-14
4.95e-08,-2.1835e-24
4.96e-08,-2.4212e-14
4.97e-08,-3.0477e-14
4.98e-08,-2.3686e-14
4.99e-08,-1.1365e-14
5e-08,1.4316e-23
